1,0.000000
2,0.000000
3,0.000000
4,0.000000
5,0.000000
6,8.333333
7,7.142857
8,6.250000
9,5.555556
10,5.000000
11,4.545455
12,4.166667
13,3.846154
14,3.571429
15,3.333333
16,3.125000
17,5.882353
18,5.555556
19,5.263158
20,5.000000
21,4.761905
22,4.545455
23,4.347826
24,4.166667
25,4.000000
26,3.846154
27,3.703704
28,3.571429
29,3.448276
30,3.333333
31,3.225806
32,3.125000
33,3.030303
34,2.941176
35,2.857143
36,2.777778
37,2.702703
38,2.631579
39,2.564103
40,2.500000
41,2.439024
42,2.380952
43,2.325581
44,2.272727
45,2.222222
46,2.173913
47,2.127660
48,2.083333
49,2.040816
50,2.000000
51,2.941176
52,3.846154
53,4.716981
54,5.555556
55,6.363636
56,6.964286
57,7.719298
58,8.448276
59,9.152542
60,9.833333
61,10.491803
62,10.967742
63,11.587302
64,12.187500
65,12.769231
66,12.727273
67,13.283582
68,13.823529
69,14.347826
70,14.857143
71,15.070423
72,15.555556
73,16.027397
74,16.486486
75,16.933333
76,17.368421
77,17.792208
78,18.205128
79,18.607595
80,19.000000
81,19.382716
82,19.756098
83,20.120482
84,20.000000
85,20.352941
86,20.697674
87,21.034483
88,20.909091
89,21.123596
90,21.111111
91,21.428571
92,21.521739
93,21.827957
94,22.127660
95,22.421053
96,22.708333
97,22.989691
98,23.265306
99,23.535354
100,23.800000
101,24.059406
102,24.117647
103,24.368932
104,24.615385
105,24.857143
106,25.000000
107,25.233645
108,25.462963
109,25.688073
110,25.909091
111,26.126126
112,26.250000
113,26.460177
114,26.666667
115,26.869565
116,26.724138
117,26.923077
118,27.118644
119,27.310924
120,27.500000
121,27.520661
122,27.704918
123,27.886179
124,28.064516
125,28.240000
126,28.412698
127,28.582677
128,28.750000
129,28.914729
130,29.076923
131,29.236641
132,29.393939
133,29.548872
134,29.402985
135,29.555556
136,29.705882
137,29.854015
138,29.710145
139,29.784173
140,29.714286
141,29.858156
142,29.859155
143,30.000000
144,30.138889
145,30.275862
146,30.410959
147,30.544218
148,30.675676
149,30.805369
150,30.933333
151,31.059603
152,31.052632
153,31.176471
154,31.298701
155,31.419355
156,31.538462
157,31.656051
158,31.708861
159,31.823899
160,31.937500
161,32.049689
162,32.160494
163,32.269939
164,32.378049
165,32.484848
166,32.590361
167,32.694611
168,32.797619
169,32.899408
170,33.000000
171,33.099415
172,33.197674
173,33.236994
174,33.333333
175,33.428571
176,33.522727
177,33.615819
178,33.707865
179,33.743017
180,33.833333
181,33.922652
182,34.010989
183,33.879781
184,33.967391
185,34.054054
186,34.139785
187,34.224599
188,34.202128
189,34.285714
190,34.368421
191,34.450262
192,34.531250
193,34.611399
194,34.690722
195,34.769231
196,34.846939
197,34.923858
198,35.000000
199,35.075377
200,35.150000
201,35.024876
202,35.099010
203,35.172414
204,35.245098
205,35.121951
206,35.145631
207,35.072464
208,35.144231
209,35.119617
210,35.190476
211,35.260664
212,35.330189
213,35.399061
214,35.467290
215,35.534884
216,35.601852
217,35.668203
218,35.733945
219,35.707763
220,35.772727
221,35.837104
222,35.900901
223,35.919283
224,35.982143
225,36.044444
226,36.106195
227,36.167401
228,36.184211
229,36.244541
230,36.304348
231,36.363636
232,36.422414
233,36.480687
234,36.538462
235,36.595745
236,36.483051
237,36.540084
238,36.596639
239,36.652720
240,36.708333
241,36.721992
242,36.776860
243,36.831276
244,36.885246
245,36.938776
246,36.991870
247,37.004049
248,37.056452
249,37.108434
250,37.160000
251,37.051793
252,37.103175
253,37.154150
254,37.204724
255,37.254902
256,37.226562
257,37.276265
258,37.325581
259,37.374517
260,37.423077
261,37.471264
262,37.519084
263,37.566540
264,37.613636
265,37.660377
266,37.706767
267,37.752809
268,37.798507
269,37.695167
270,37.740741
271,37.785978
272,37.830882
273,37.728938
274,37.737226
275,37.672727
276,37.717391
277,37.689531
278,37.733813
279,37.777778
280,37.821429
281,37.864769
282,37.907801
283,37.950530
284,37.992958
285,38.035088
286,38.076923
287,38.048780
288,38.090278
289,38.131488
290,38.172414
291,38.213058
292,38.219178
293,38.259386
294,38.299320
295,38.338983
296,38.378378
297,38.417508
298,38.456376
299,38.494983
300,38.533333
301,38.571429
302,38.609272
303,38.646865
304,38.684211
305,38.721311
306,38.758170
307,38.762215
308,38.798701
309,38.834951
310,38.870968
311,38.906752
312,38.942308
313,38.945687
314,38.980892
315,39.015873
316,39.050633
317,38.958991
318,38.993711
319,39.028213
320,39.062500
321,39.096573
322,39.068323
323,39.102167
324,39.135802
325,39.169231
326,39.202454
327,39.235474
328,39.268293
329,39.300912
330,39.333333
331,39.365559
332,39.397590
333,39.429429
334,39.461078
335,39.373134
336,39.404762
337,39.436202
338,39.467456
339,39.380531
340,39.382353
341,39.325513
342,39.356725
343,39.329446
344,39.360465
345,39.391304
346,39.421965
347,39.452450
348,39.482759
349,39.512894
350,39.542857
351,39.572650
352,39.602273
353,39.575071
354,39.604520
355,39.633803
356,39.662921
357,39.663866
358,39.692737
359,39.721448
360,39.750000
361,39.778393
362,39.779006
363,39.807163
364,39.835165
365,39.863014
366,39.890710
367,39.918256
368,39.945652
369,39.972900
370,39.891892
371,39.919137
372,39.946237
373,39.973190
374,40.000000
375,40.000000
376,40.026596
377,40.053050
378,40.079365
379,40.105541
380,40.131579
381,40.131234
382,40.157068
383,40.182768
384,40.208333
385,40.129870
386,40.155440
387,40.180879
388,40.206186
389,40.231362
390,40.205128
391,40.230179
392,40.255102
393,40.279898
394,40.304569
395,40.329114
396,40.353535
397,40.377834
398,40.402010
399,40.426065
400,40.450000
401,40.473815
402,40.497512
403,40.421836
404,40.445545
405,40.469136
406,40.492611
407,40.417690
408,40.416667
409,40.366748
410,40.390244
411,40.364964
412,40.388350
413,40.411622
414,40.434783
415,40.457831
416,40.480769
417,40.503597
418,40.526316
419,40.548926
420,40.571429
421,40.546318
422,40.568720
423,40.591017
424,40.613208
425,40.635294
426,40.586854
427,40.608899
428,40.630841
429,40.652681
430,40.604651
431,40.626450
432,40.648148
433,40.669746
434,40.691244
435,40.712644
436,40.733945
437,40.755149
438,40.776256
439,40.774487
440,40.795455
441,40.816327
442,40.837104
443,40.857788
444,40.855856
445,40.876404
446,40.896861
447,40.917226
448,40.937500
449,40.957684
450,40.955556
451,40.975610
452,40.995575
453,41.015453
454,40.947137
455,40.967033
456,40.986842
457,41.006565
458,41.026201
459,41.002179
460,41.021739
461,41.041215
462,41.060606
463,41.079914
464,41.099138
465,41.118280
466,41.137339
467,41.156317
468,41.175214
469,41.194030
470,41.212766
471,41.231423
472,41.165254
473,41.183932
474,41.202532
475,41.221053
476,41.155462
477,41.153040
478,41.108787
479,41.127349
480,41.104167
481,41.122661
482,41.141079
483,41.159420
484,41.177686
485,41.195876
486,41.213992
487,41.232033
488,41.250000
489,41.267894
490,41.244898
491,41.262729
492,41.280488
493,41.298174
494,41.315789
495,41.333333
496,41.350806
497,41.368209
498,41.385542
499,41.402806
500,41.420000
501,41.437126
502,41.454183
503,41.471173
504,41.468254
505,41.485149
506,41.501976
507,41.518738
508,41.535433
509,41.552063
510,41.568627
511,41.585127
512,41.582031
513,41.598441
514,41.614786
515,41.631068
516,41.647287
517,41.663443
518,41.660232
519,41.676301
520,41.692308
521,41.708253
522,41.647510
523,41.663480
524,41.679389
525,41.695238
526,41.711027
527,41.688805
528,41.704545
529,41.720227
530,41.735849
531,41.751412
532,41.766917
533,41.782364
534,41.797753
535,41.813084
536,41.828358
537,41.843575
538,41.858736
539,41.873840
540,41.814815
541,41.829945
542,41.845018
543,41.860037
544,41.801471
545,41.798165
546,41.758242
547,41.773309
548,41.751825
549,41.766849
550,41.781818
551,41.796733
552,41.811594
553,41.826401
554,41.841155
555,41.855856
556,41.870504
557,41.885099
558,41.863799
559,41.860465
560,41.875000
561,41.889483
562,41.903915
563,41.918295
564,41.932624
565,41.946903
566,41.961131
567,41.904762
568,41.919014
569,41.933216
570,41.947368
571,41.961471
572,41.975524
573,41.989529
574,42.003484
575,42.017391
576,42.031250
577,42.027730
578,42.041522
579,42.055268
580,42.068966
581,42.082616
582,42.096220
583,42.092624
584,42.106164
585,42.119658
586,42.133106
587,42.078365
588,42.091837
589,42.105263
590,42.118644
591,42.131980
592,42.111486
593,42.124789
594,42.138047
595,42.151261
596,42.164430
597,42.177554
598,42.190635
599,42.203673
600,42.216667
601,42.229617
602,42.242525
603,42.255390
604,42.268212
605,42.214876
606,42.227723
607,42.240527
608,42.253289
609,42.200328
610,42.196721
611,42.160393
612,42.173203
613,42.153344
614,42.166124
615,42.178862
616,42.191558
617,42.204214
618,42.216828
619,42.229402
620,42.241935
621,42.254428
622,42.266881
623,42.247191
624,42.211538
625,42.224000
626,42.236422
627,42.248804
628,42.261146
629,42.273450
630,42.285714
631,42.297940
632,42.310127
633,42.322275
634,42.334385
635,42.330709
636,42.342767
637,42.354788
638,42.366771
639,42.378717
640,42.390625
641,42.402496
642,42.414330
643,42.426128
644,42.437888
645,42.449612
646,42.461300
647,42.472952
648,42.484568
649,42.496148
650,42.492308
651,42.503840
652,42.515337
653,42.526799
654,42.538226
655,42.534351
656,42.545732
657,42.557078
658,42.568389
659,42.579666
660,42.590909
661,42.602118
662,42.613293
663,42.564103
664,42.575301
665,42.586466
666,42.597598
667,42.563718
668,42.574850
669,42.585949
670,42.597015
671,42.563338
672,42.574405
673,42.585438
674,42.596439
675,42.607407
676,42.618343
677,42.629247
678,42.640118
679,42.650957
680,42.647059
681,42.657856
682,42.668622
683,42.679356
684,42.690058
685,42.700730
686,42.711370
687,42.721980
688,42.732558
689,42.743106
690,42.753623
691,42.764110
692,42.774566
693,42.784993
694,42.795389
695,42.791367
696,42.801724
697,42.812052
698,42.822350
699,42.832618
700,42.828571
701,42.838802
702,42.849003
703,42.859175
704,42.869318
705,42.879433
706,42.889518
707,42.899576
708,42.853107
709,42.863188
710,42.873239
711,42.883263
712,42.893258
713,42.903226
714,42.913165
715,42.881119
716,42.891061
717,42.900976
718,42.910864
719,42.920723
720,42.930556
721,42.940361
722,42.950139
723,42.959889
724,42.969613
725,42.979310
726,42.975207
727,42.984869
728,42.994505
729,43.004115
730,43.013699
731,43.023256
732,43.032787
733,43.042292
734,43.051771
735,43.061224
736,43.070652
737,43.080054
738,43.089431
739,43.098782
740,43.108108
741,43.103914
742,43.113208
743,43.122476
744,43.131720
745,43.140940
746,43.136729
747,43.145917
748,43.155080
749,43.164219
750,43.173333
751,43.182423
752,43.191489
753,43.200531
754,43.156499
755,43.165563
756,43.174603
757,43.183620
758,43.192612
759,43.201581
760,43.210526
761,43.219448
762,43.228346
763,43.237221
764,43.246073
765,43.254902
766,43.263708
767,43.272490
768,43.281250
769,43.250975
770,43.259740
771,43.268482
772,43.277202
773,43.285899
774,43.281654
775,43.290323
776,43.298969
777,43.307593
778,43.316195
779,43.324775
780,43.333333
781,43.341869
782,43.350384
783,43.358876
784,43.367347
785,43.375796
786,43.384224
787,43.392630
788,43.401015
789,43.396705
790,43.405063
791,43.413401
792,43.421717
793,43.430013
794,43.425693
795,43.433962
796,43.442211
797,43.450439
798,43.458647
799,43.466834
800,43.475000
801,43.483146
802,43.441397
803,43.449564
804,43.457711
805,43.465839
806,43.473945
807,43.444857
808,43.452970
809,43.461063
810,43.469136
811,43.477189
812,43.485222
813,43.493235
814,43.501229
815,43.509202
816,43.517157
817,43.488372
818,43.496333
819,43.504274
820,43.512195
821,43.507917
822,43.515815
823,43.523694
824,43.531553
825,43.539394
826,43.547215
827,43.555018
828,43.562802
829,43.570567
830,43.578313
831,43.586041
832,43.593750
833,43.601441
834,43.609113
835,43.616766
836,43.612440
837,43.620072
838,43.627685
839,43.635280
840,43.642857
841,43.638526
842,43.646081
843,43.653618
844,43.661137
845,43.668639
846,43.676123
847,43.683589
848,43.691038
849,43.651355
850,43.658824
851,43.666275
852,43.673709
853,43.681125
854,43.688525
855,43.695906
856,43.703271
857,43.710618
858,43.717949
859,43.725262
860,43.732558
861,43.739837
862,43.747100
863,43.754345
864,43.761574
865,43.768786
866,43.764434
867,43.771626
868,43.778802
869,43.785961
870,43.793103
871,43.800230
872,43.807339
873,43.814433
874,43.821510
875,43.828571
876,43.835616
877,43.842645
878,43.849658
879,43.856655
880,43.863636
881,43.859251
882,43.866213
883,43.873160
884,43.880090
885,43.887006
886,43.882619
887,43.889515
888,43.896396
889,43.903262
890,43.910112
891,43.916947
892,43.923767
893,43.930571
894,43.892617
895,43.899441
896,43.906250
897,43.913043
898,43.919822
899,43.926585
900,43.933333
901,43.940067
902,43.946785
903,43.953488
904,43.960177
905,43.933702
906,43.940397
907,43.947078
908,43.953744
909,43.927393
910,43.934066
911,43.940724
912,43.947368
913,43.953998
914,43.960613
915,43.967213
916,43.973799
917,43.980371
918,43.986928
919,43.960827
920,43.967391
921,43.973941
922,43.980477
923,43.986999
924,43.993506
925,44.000000
926,44.006479
927,44.012945
928,44.019397
929,44.025834
930,44.032258
931,44.038668
932,44.045064
933,44.051447
934,44.057816
935,44.064171
936,44.070513
937,44.044824
938,44.051173
939,44.057508
940,44.063830
941,44.038257
942,44.044586
943,44.050901
944,44.057203
945,44.063492
946,44.069767
947,44.076030
948,44.082278
949,44.088514
950,44.094737
951,44.069401
952,44.075630
953,44.081847
954,44.088050
955,44.094241
956,44.100418
957,44.106583
958,44.112735
959,44.118874
960,44.125000
961,44.131113
962,44.137214
963,44.143302
964,44.149378
965,44.155440
966,44.161491
967,44.167528
968,44.173554
969,44.179567
970,44.185567
971,44.160659
972,44.166667
973,44.172662
974,44.178645
975,44.153846
976,44.159836
977,44.165814
978,44.171779
979,44.177732
980,44.183673
981,44.189602
982,44.195519
983,44.201424
984,44.207317
985,44.182741
986,44.188641
987,44.194529
988,44.200405
989,44.206269
990,44.212121
991,44.217962
992,44.223790
993,44.229607
994,44.235412
995,44.241206
996,44.246988
997,44.252758
998,44.258517
999,44.264264
1000,44.270000
1001,44.275724
1002,44.281437
1003,44.267198
1004,44.272908
1005,44.278607
1006,44.284294
1007,44.260179
1008,44.265873
1009,44.271556
1010,44.277228
1011,44.253215
1012,44.258893
1013,44.264561
1014,44.270217
1015,44.275862
1016,44.281496
1017,44.287119
1018,44.292731
1019,44.298332
1020,44.303922
1021,44.280118
1022,44.285714
1023,44.291300
1024,44.296875
1025,44.302439
1026,44.307992
1027,44.313535
1028,44.319066
1029,44.324587
1030,44.330097
1031,44.335597
1032,44.341085
1033,44.346563
1034,44.352031
1035,44.357488
1036,44.362934
1037,44.368370
1038,44.373796
1039,44.379211
1040,44.384615
1041,44.361191
1042,44.366603
1043,44.372004
1044,44.377395
1045,44.354067
1046,44.359465
1047,44.364852
1048,44.370229
1049,44.375596
1050,44.380952
1051,44.386299
1052,44.391635
1053,44.396961
1054,44.402277
1055,44.379147
1056,44.384470
1057,44.389782
1058,44.395085
1059,44.400378
1060,44.405660
1061,44.410933
1062,44.416196
1063,44.421449
1064,44.426692
1065,44.431925
1066,44.437148
1067,44.442362
1068,44.447566
1069,44.452760
1070,44.457944
1071,44.463119
1072,44.449627
1073,44.454800
1074,44.459963
1075,44.437209
1076,44.442379
1077,44.447539
1078,44.452690
1079,44.430028
1080,44.435185
1081,44.440333
1082,44.445471
1083,44.450600
1084,44.455720
1085,44.460829
1086,44.465930
1087,44.471021
1088,44.476103
1089,44.453627
1090,44.458716
1091,44.463795
1092,44.468864
1093,44.473925
1094,44.478976
1095,44.484018
1096,44.489051
1097,44.494075
1098,44.499089
1099,44.504095
1100,44.490909
1101,44.495913
1102,44.473684
1103,44.478694
1104,44.483696
1105,44.488688
1106,44.493671
1107,44.498645
1108,44.503610
1109,44.508566
1110,44.513514
1111,44.518452
1112,44.523381
1113,44.528302
1114,44.533214
1115,44.538117
1116,44.543011
1117,44.547896
1118,44.552773
1119,44.557641
1120,44.562500
1121,44.567351
1122,44.572193
1123,44.577026
1124,44.581851
1125,44.586667
1126,44.591474
1127,44.596273
1128,44.601064
1129,44.605846
1130,44.610619
1131,44.615385
1132,44.602473
1133,44.607237
1134,44.611993
1135,44.616740
1136,44.621479
1137,44.626209
1138,44.630931
1139,44.635645
1140,44.640351
1141,44.645048
1142,44.649737
1143,44.654418
1144,44.659091
1145,44.663755
1146,44.668412
1147,44.673060
1148,44.677700
1149,44.682332
1150,44.686957
1151,44.691573
1152,44.696181
1153,44.700781
1154,44.705373
1155,44.692641
1156,44.697232
1157,44.701815
1158,44.706390
1159,44.710958
1160,44.698276
1161,44.702842
1162,44.681583
1163,44.686156
1164,44.690722
1165,44.695279
1166,44.699828
1167,44.704370
1168,44.708904
1169,44.713430
1170,44.717949
1171,44.722459
1172,44.726962
1173,44.731458
1174,44.735945
1175,44.740426
1176,44.744898
1177,44.749363
1178,44.753820
1179,44.758270
1180,44.762712
1181,44.767146
1182,44.771574
1183,44.775993
1184,44.780405
1185,44.784810
1186,44.789207
1187,44.793597
1188,44.797980
1189,44.802355
1190,44.806723
1191,44.811083
1192,44.815436
1193,44.819782
1194,44.824121
1195,44.828452
1196,44.832776
1197,44.837093
1198,44.841402
1199,44.845705
1200,44.850000
1201,44.854288
1202,44.858569
1203,44.862843
1204,44.867110
1205,44.871369
1206,44.875622
1207,44.879867
1208,44.884106
1209,44.888337
1210,44.892562
1211,44.896780
1212,44.900990
1213,44.905194
1214,44.909390
1215,44.913580
1216,44.917763
1217,44.921939
1218,44.926108
1219,44.930271
1220,44.934426
1221,44.938575
1222,44.926350
1223,44.930499
1224,44.934641
1225,44.922449
1226,44.926591
1227,44.930725
1228,44.934853
1229,44.938975
1230,44.943089
1231,44.947197
1232,44.951299
1233,44.955393
1234,44.959481
1235,44.963563
1236,44.967638
1237,44.971706
1238,44.975767
1239,44.979822
1240,44.983871
1241,44.987913
1242,44.991948
1243,44.995977
1244,45.000000
1245,45.004016
1246,45.008026
1247,45.012029
1248,45.016026
1249,45.020016
1250,45.008000
1251,45.011990
1252,44.992013
1253,44.996010
1254,45.000000
1255,45.003984
1256,45.007962
1257,45.011933
1258,45.015898
1259,45.019857
1260,45.023810
1261,45.027756
1262,45.031696
1263,45.035629
1264,45.039557
1265,45.043478
1266,45.047393
1267,45.051302
1268,45.055205
1269,45.059102
1270,45.062992
1271,45.066876
1272,45.070755
1273,45.074627
1274,45.078493
1275,45.082353
1276,45.086207
1277,45.090055
1278,45.093897
1279,45.097733
1280,45.101562
1281,45.105386
1282,45.109204
1283,45.113016
1284,45.116822
1285,45.120623
1286,45.124417
1287,45.128205
1288,45.131988
1289,45.135764
1290,45.124031
1291,45.127808
1292,45.131579
1293,45.119876
1294,45.123648
1295,45.127413
1296,45.131173
1297,45.134927
1298,45.123267
1299,45.127021
1300,45.107692
1301,45.111453
1302,45.115207
1303,45.118956
1304,45.122699
1305,45.126437
1306,45.130168
1307,45.133894
1308,45.137615
1309,45.141329
1310,45.145038
1311,45.148741
1312,45.152439
1313,45.156131
1314,45.159817
1315,45.163498
1316,45.167173
1317,45.170843
1318,45.159332
1319,45.163002
1320,45.166667
1321,45.155185
1322,45.158850
1323,45.162509
1324,45.166163
1325,45.169811
1326,45.158371
1327,45.162020
1328,45.143072
1329,45.146727
1330,45.150376
1331,45.154020
1332,45.157658
1333,45.161290
1334,45.164918
1335,45.168539
1336,45.172156
1337,45.175767
1338,45.179372
1339,45.182972
1340,45.186567
1341,45.190157
1342,45.193741
1343,45.197319
1344,45.200893
1345,45.204461
1346,45.193165
1347,45.196733
1348,45.200297
1349,45.189029
1350,45.192593
1351,45.196151
1352,45.199704
1353,45.203252
1354,45.192024
1355,45.195572
1356,45.176991
1357,45.180545
1358,45.184094
1359,45.187638
1360,45.191176
1361,45.194710
1362,45.198238
1363,45.201761
1364,45.205279
1365,45.208791
1366,45.197657
1367,45.201170
1368,45.204678
1369,45.208181
1370,45.211679
1371,45.215171
1372,45.218659
1373,45.222141
1374,45.225619
1375,45.229091
1376,45.232558
1377,45.236020
1378,45.224964
1379,45.228426
1380,45.231884
1381,45.220854
1382,45.224313
1383,45.227766
1384,45.231214
1385,45.234657
1386,45.223665
1387,45.227109
1388,45.208934
1389,45.212383
1390,45.215827
1391,45.219267
1392,45.222701
1393,45.226131
1394,45.229555
1395,45.232975
1396,45.236390
1397,45.239800
1398,45.243205
1399,45.246605
1400,45.250000
1401,45.253390
1402,45.256776
1403,45.260157
1404,45.263533
1405,45.266904
1406,45.270270
1407,45.259417
1408,45.262784
1409,45.266146
1410,45.255319
1411,45.258682
1412,45.262040
1413,45.265393
1414,45.268741
1415,45.257951
1416,45.261299
1417,45.243472
1418,45.246827
1419,45.250176
1420,45.253521
1421,45.256861
1422,45.260197
1423,45.263528
1424,45.266854
1425,45.270175
1426,45.273492
1427,45.276804
1428,45.280112
1429,45.283415
1430,45.286713
1431,45.290007
1432,45.293296
1433,45.296581
1434,45.299861
1435,45.289199
1436,45.292479
1437,45.295755
1438,45.285118
1439,45.288395
1440,45.291667
1441,45.294934
1442,45.298197
1443,45.287595
1444,45.290859
1445,45.273356
1446,45.276625
1447,45.279889
1448,45.283149
1449,45.286404
1450,45.289655
1451,45.292901
1452,45.296143
1453,45.299381
1454,45.302613
1455,45.305842
1456,45.309066
1457,45.312286
1458,45.315501
1459,45.318711
1460,45.321918
1461,45.325120
1462,45.328317
1463,45.331511
1464,45.334699
1465,45.337884
1466,45.341064
1467,45.344240
1468,45.347411
1469,45.350579
1470,45.353741
1471,45.356900
1472,45.360054
1473,45.363204
1474,45.352782
1475,45.355932
1476,45.359079
1477,45.362221
1478,45.365359
1479,45.368492
1480,45.371622
1481,45.374747
1482,45.377868
1483,45.380984
1484,45.384097
1485,45.387205
1486,45.390310
1487,45.393410
1488,45.396505
1489,45.399597
1490,45.402685
1491,45.405768
1492,45.408847
1493,45.411922
1494,45.414993
1495,45.418060
1496,45.421123
1497,45.424182
1498,45.427236
1499,45.430287
1500,45.433333
1501,45.436376
1502,45.439414
1503,45.442448
1504,45.445479
1505,45.448505
1506,45.451527
1507,45.454545
1508,45.457560
1509,45.460570
1510,45.463576
1511,45.466578
1512,45.469577
1513,45.472571
1514,45.475561
1515,45.478548
1516,45.481530
1517,45.484509
1518,45.487484
1519,45.490454
1520,45.493421
1521,45.496384
1522,45.499343
1523,45.502298
1524,45.505249
1525,45.508197
1526,45.511140
1527,45.514080
1528,45.517016
1529,45.519948
1530,45.522876
1531,45.525800
1532,45.528721
1533,45.531637
1534,45.534550
1535,45.537459
1536,45.540365
1537,45.543266
1538,45.546164
1539,45.549058
1540,45.551948
1541,45.554835
1542,45.557717
1543,45.560596
1544,45.563472
1545,45.566343
1546,45.569211
1547,45.559147
1548,45.562016
1549,45.564881
1550,45.567742
1551,45.570600
1552,45.573454
1553,45.576304
1554,45.579151
1555,45.581994
1556,45.584833
1557,45.587669
1558,45.590501
1559,45.593329
1560,45.596154
1561,45.598975
1562,45.601793
1563,45.604607
1564,45.607417
1565,45.610224
1566,45.613027
1567,45.615826
1568,45.618622
1569,45.621415
1570,45.624204
1571,45.626989
1572,45.629771
1573,45.632549
1574,45.635324
1575,45.638095
1576,45.640863
1577,45.643627
1578,45.646388
1579,45.649145
1580,45.651899
1581,45.654649
1582,45.657396
1583,45.660139
1584,45.662879
1585,45.665615
1586,45.668348
1587,45.671078
1588,45.673804
1589,45.676526
1590,45.679245
1591,45.681961
1592,45.684673
1593,45.687382
1594,45.690088
1595,45.692790
1596,45.695489
1597,45.698184
1598,45.700876
1599,45.703565
1600,45.706250
1601,45.708932
1602,45.711610
1603,45.701809
1604,45.704489
1605,45.707165
1606,45.709838
1607,45.712508
1608,45.715174
1609,45.717837
1610,45.720497
1611,45.723153
1612,45.725806
1613,45.728456
1614,45.731103
1615,45.733746
1616,45.736386
1617,45.739023
1618,45.741656
1619,45.744287
1620,45.746914
1621,45.749537
1622,45.752158
1623,45.754775
1624,45.757389
1625,45.760000
1626,45.750308
1627,45.752919
1628,45.755528
1629,45.758134
1630,45.760736
1631,45.763335
1632,45.765931
1633,45.768524
1634,45.771114
1635,45.773700
1636,45.776284
1637,45.778864
1638,45.781441
1639,45.784015
1640,45.786585
1641,45.789153
1642,45.791717
1643,45.794279
1644,45.796837
1645,45.799392
1646,45.801944
1647,45.804493
1648,45.807039
1649,45.809582
1650,45.800000
1651,45.802544
1652,45.805085
1653,45.807623
1654,45.810157
1655,45.812689
1656,45.815217
1657,45.817743
1658,45.820265
1659,45.822785
1660,45.825301
1661,45.827815
1662,45.830325
1663,45.832832
1664,45.835337
1665,45.837838
1666,45.840336
1667,45.842831
1668,45.845324
1669,45.847813
1670,45.850299
1671,45.852783
1672,45.855263
1673,45.857741
1674,45.860215
1675,45.862687
1676,45.853222
1677,45.855695
1678,45.858164
1679,45.860631
1680,45.863095
1681,45.865556
1682,45.868014
1683,45.870469
1684,45.872922
1685,45.875371
1686,45.877817
1687,45.880261
1688,45.882701
1689,45.885139
1690,45.887574
1691,45.890006
1692,45.892435
1693,45.894861
1694,45.897285
1695,45.899705
1696,45.902123
1697,45.904537
1698,45.906949
1699,45.909358
1700,45.900000
1701,45.902410
1702,45.904818
1703,45.907223
1704,45.909624
1705,45.912023
1706,45.914420
1707,45.916813
1708,45.919204
1709,45.921592
1710,45.923977
1711,45.926359
1712,45.928738
1713,45.931115
1714,45.933489
1715,45.930029
1716,45.932401
1717,45.934770
1718,45.937136
1719,45.939500
1720,45.941860
1721,45.944218
1722,45.946574
1723,45.948926
1724,45.939675
1725,45.942029
1726,45.944380
1727,45.946728
1728,45.949074
1729,45.951417
1730,45.953757
1731,45.956095
1732,45.958430
1733,45.960762
1734,45.963091
1735,45.965418
1736,45.967742
1737,45.958549
1738,45.960875
1739,45.963197
1740,45.965517
1741,45.967835
1742,45.970149
1743,45.972461
1744,45.974771
1745,45.977077
1746,45.979381
1747,45.981683
1748,45.983982
1749,45.986278
1750,45.988571
1751,45.990862
1752,45.993151
1753,45.995436
1754,45.997719
1755,46.000000
1756,46.002278
1757,46.004553
1758,46.006826
1759,46.009096
1760,46.011364
1761,46.013629
1762,46.015891
1763,46.018151
1764,46.020408
1765,46.022663
1766,46.024915
1767,46.027165
1768,46.029412
1769,46.031656
1770,46.033898
1771,46.036138
1772,46.038375
1773,46.040609
1774,46.042841
1775,46.039437
1776,46.041667
1777,46.043894
1778,46.046119
1779,46.048342
1780,46.050562
1781,46.041550
1782,46.043771
1783,46.045990
1784,46.048206
1785,46.050420
1786,46.052632
1787,46.054841
1788,46.057047
1789,46.059251
1790,46.061453
1791,46.063652
1792,46.065848
1793,46.068042
1794,46.070234
1795,46.072423
1796,46.074610
1797,46.076795
1798,46.078977
1799,46.081156
1800,46.083333
1801,46.085508
1802,46.087680
1803,46.089850
1804,46.092018
1805,46.094183
1806,46.096346
1807,46.098506
1808,46.100664
1809,46.102819
1810,46.104972
1811,46.107123
1812,46.109272
1813,46.111418
1814,46.113561
1815,46.115702
1816,46.117841
1817,46.119978
1818,46.122112
1819,46.124244
1820,46.126374
1821,46.128501
1822,46.130626
1823,46.132748
1824,46.134868
1825,46.136986
1826,46.139102
1827,46.135742
1828,46.137856
1829,46.139967
1830,46.142077
1831,46.144184
1832,46.146288
1833,46.148391
1834,46.150491
1835,46.152589
1836,46.154684
1837,46.156777
1838,46.158868
1839,46.160957
1840,46.163043
1841,46.165128
1842,46.167210
1843,46.169289
1844,46.171367
1845,46.173442
1846,46.175515
1847,46.177585
1848,46.168831
1849,46.170903
1850,46.172973
1851,46.175041
1852,46.177106
1853,46.179169
1854,46.181230
1855,46.183288
1856,46.185345
1857,46.187399
1858,46.189451
1859,46.191501
1860,46.193548
1861,46.195594
1862,46.197637
1863,46.199678
1864,46.201717
1865,46.203753
1866,46.205788
1867,46.207820
1868,46.209850
1869,46.211878
1870,46.213904
1871,46.215927
1872,46.217949
1873,46.219968
1874,46.221985
1875,46.224000
1876,46.226013
1877,46.222696
1878,46.224707
1879,46.226716
1880,46.228723
1881,46.230728
1882,46.232731
1883,46.224110
1884,46.226115
1885,46.228117
1886,46.230117
1887,46.232114
1888,46.234110
1889,46.236104
1890,46.238095
1891,46.240085
1892,46.242072
1893,46.244057
1894,46.246040
1895,46.248021
1896,46.250000
1897,46.246705
1898,46.248683
1899,46.250658
1900,46.252632
1901,46.254603
1902,46.256572
1903,46.248029
1904,46.250000
1905,46.251969
1906,46.253935
1907,46.255899
1908,46.257862
1909,46.259822
1910,46.261780
1911,46.263736
1912,46.265690
1913,46.267642
1914,46.269592
1915,46.271540
1916,46.273486
1917,46.270214
1918,46.272158
1919,46.274101
1920,46.276042
1921,46.277980
1922,46.279917
1923,46.271451
1924,46.273389
1925,46.275325
1926,46.277259
1927,46.279190
1928,46.281120
1929,46.283048
1930,46.284974
1931,46.286898
1932,46.288820
1933,46.290740
1934,46.292658
1935,46.294574
1936,46.296488
1937,46.298400
1938,46.300310
1939,46.302218
1940,46.304124
1941,46.300876
1942,46.302781
1943,46.304683
1944,46.306584
1945,46.308483
1946,46.310380
1947,46.302003
1948,46.303901
1949,46.305798
1950,46.307692
1951,46.309585
1952,46.311475
1953,46.313364
1954,46.315251
1955,46.317136
1956,46.319018
1957,46.320899
1958,46.322778
1959,46.324655
1960,46.326531
1961,46.323304
1962,46.325178
1963,46.327050
1964,46.328921
1965,46.330789
1966,46.332655
1967,46.324352
1968,46.326220
1969,46.328085
1970,46.329949
1971,46.331811
1972,46.333671
1973,46.315256
1974,46.317123
1975,46.318987
1976,46.320850
1977,46.322711
1978,46.324570
1979,46.326427
1980,46.328283
1981,46.325088
1982,46.326942
1983,46.328795
1984,46.330645
1985,46.332494
1986,46.334340
1987,46.326120
1988,46.327968
1989,46.329814
1990,46.331658
1991,46.333501
1992,46.335341
1993,46.337180
1994,46.339017
1995,46.340852
1996,46.342685
1997,46.344517
1998,46.346346
1999,46.348174
2000,46.350000
2001,46.351824
2002,46.353646
2003,46.355467
2004,46.357285
2005,46.359102
2006,46.360917
2007,46.362730
2008,46.364542
2009,46.366351
2010,46.368159
2011,46.369965
2012,46.371769
2013,46.373572
2014,46.375372
2015,46.377171
2016,46.378968
2017,46.380764
2018,46.382557
2019,46.384349
2020,46.386139
2021,46.387927
2022,46.369931
2023,46.371725
2024,46.373518
2025,46.375309
2026,46.377098
2027,46.378885
2028,46.380671
2029,46.382454
2030,46.384236
2031,46.386017
2032,46.387795
2033,46.389572
2034,46.391347
2035,46.393120
2036,46.394892
2037,46.396662
2038,46.398430
2039,46.400196
2040,46.401961
2041,46.403724
2042,46.405485
2043,46.407244
2044,46.409002
2045,46.410758
2046,46.412512
2047,46.414265
2048,46.416016
2049,46.417765
2050,46.419512
2051,46.421258
2052,46.423002
2053,46.424744
2054,46.426485
2055,46.428224
2056,46.429961
2057,46.431697
2058,46.433431
2059,46.435163
2060,46.436893
2061,46.438622
2062,46.440349
2063,46.442075
2064,46.443798
2065,46.426150
2066,46.427880
2067,46.429608
2068,46.431335
2069,46.433059
2070,46.434783
2071,46.436504
2072,46.438224
2073,46.439942
2074,46.441659
2075,46.443373
2076,46.445087
2077,46.446798
2078,46.448508
2079,46.450216
2080,46.451923
2081,46.453628
2082,46.455331
2083,46.457033
2084,46.458733
2085,46.460432
2086,46.462128
2087,46.463824
2088,46.465517
2089,46.467209
2090,46.468900
2091,46.470588
2092,46.472275
2093,46.473961
2094,46.475645
2095,46.477327
2096,46.479008
2097,46.480687
2098,46.482364
2099,46.484040
2100,46.485714
2101,46.487387
2102,46.489058
2103,46.490728
2104,46.473384
2105,46.475059
2106,46.476733
2107,46.478405
2108,46.480076
2109,46.481745
2110,46.483412
2111,46.485078
2112,46.486742
2113,46.488405
2114,46.490066
2115,46.491726
2116,46.493384
2117,46.495040
2118,46.496695
2119,46.498348
2120,46.500000
2121,46.482791
2122,46.484449
2123,46.486105
2124,46.487759
2125,46.489412
2126,46.491063
2127,46.492713
2128,46.494361
2129,46.496008
2130,46.497653
2131,46.499296
2132,46.500938
2133,46.502579
2134,46.504217
2135,46.505855
2136,46.488764
2137,46.490407
2138,46.492049
2139,46.493689
2140,46.495327
2141,46.496964
2142,46.498599
2143,46.500233
2144,46.501866
2145,46.503497
2146,46.505126
2147,46.506754
2148,46.508380
2149,46.510005
2150,46.511628
2151,46.513250
2152,46.514870
2153,46.516489
2154,46.518106
2155,46.519722
2156,46.502783
2157,46.504404
2158,46.506024
2159,46.507642
2160,46.509259
2161,46.510875
2162,46.512488
2163,46.514101
2164,46.515712
2165,46.517321
2166,46.518929
2167,46.520535
2168,46.522140
2169,46.523744
2170,46.525346
2171,46.526946
2172,46.510129
2173,46.511735
2174,46.513339
2175,46.514943
2176,46.516544
2177,46.518144
2178,46.519743
2179,46.521340
2180,46.522936
2181,46.524530
2182,46.526123
2183,46.527714
2184,46.529304
2185,46.530892
2186,46.532479
2187,46.515775
2188,46.517367
2189,46.518958
2190,46.520548
2191,46.522136
2192,46.523723
2193,46.525308
2194,46.526892
2195,46.528474
2196,46.530055
2197,46.531634
2198,46.533212
2199,46.534789
2200,46.536364
2201,46.537937
2202,46.539510
2203,46.541080
2204,46.542650
2205,46.544218
2206,46.545784
2207,46.547349
2208,46.548913
2209,46.550475
2210,46.552036
2211,46.553596
2212,46.555154
2213,46.556710
2214,46.558266
2215,46.559819
2216,46.561372
2217,46.562923
2218,46.564472
2219,46.566021
2220,46.567568
2221,46.569113
2222,46.570657
2223,46.572200
2224,46.573741
2225,46.575281
2226,46.576819
2227,46.578357
2228,46.579892
2229,46.581427
2230,46.582960
2231,46.584491
2232,46.586022
2233,46.587550
2234,46.589078
2235,46.590604
2236,46.592129
2237,46.593652
2238,46.595174
2239,46.596695
2240,46.598214
2241,46.599732
2242,46.601249
2243,46.602764
2244,46.604278
2245,46.605791
2246,46.607302
2247,46.608812
2248,46.610320
2249,46.611827
2250,46.613333
2251,46.614838
2252,46.616341
2253,46.617843
2254,46.619343
2255,46.620843
2256,46.622340
2257,46.623837
2258,46.625332
2259,46.626826
2260,46.628319
2261,46.629810
2262,46.631300
2263,46.632788
2264,46.634276
2265,46.635762
2266,46.637246
2267,46.638730
2268,46.640212
2269,46.641692
2270,46.643172
2271,46.644650
2272,46.646127
2273,46.647602
2274,46.649077
2275,46.650549
2276,46.652021
2277,46.653491
2278,46.654960
2279,46.656428
2280,46.657895
2281,46.659360
2282,46.660824
2283,46.662286
2284,46.663748
2285,46.665208
2286,46.666667
2287,46.668124
2288,46.669580
2289,46.671035
2290,46.672489
2291,46.673942
2292,46.675393
2293,46.676843
2294,46.678291
2295,46.679739
2296,46.681185
2297,46.682630
2298,46.684073
2299,46.685515
2300,46.686957
2301,46.688396
2302,46.689835
2303,46.691272
2304,46.692708
2305,46.694143
2306,46.695577
2307,46.697009
2308,46.698440
2309,46.699870
2310,46.701299
2311,46.702726
2312,46.704152
2313,46.705577
2314,46.707001
2315,46.708423
2316,46.709845
2317,46.711265
2318,46.712683
2319,46.714101
2320,46.715517
2321,46.716932
2322,46.718346
2323,46.719759
2324,46.721170
2325,46.722581
2326,46.723990
2327,46.725398
2328,46.726804
2329,46.728210
2330,46.729614
2331,46.731017
2332,46.732419
2333,46.733819
2334,46.735219
2335,46.736617
2336,46.738014
2337,46.739409
2338,46.740804
2339,46.742198
2340,46.743590
2341,46.744981
2342,46.746371
2343,46.747759
2344,46.749147
2345,46.750533
2346,46.751918
2347,46.753302
2348,46.754685
2349,46.756066
2350,46.757447
2351,46.758826
2352,46.760204
2353,46.761581
2354,46.762957
2355,46.764331
2356,46.765705
2357,46.767077
2358,46.768448
2359,46.769818
2360,46.771186
2361,46.772554
2362,46.773920
2363,46.775286
2364,46.776650
2365,46.778013
2366,46.779374
2367,46.780735
2368,46.782095
2369,46.783453
2370,46.784810
2371,46.786166
2372,46.787521
2373,46.788875
2374,46.790227
2375,46.791579
2376,46.792929
2377,46.794279
2378,46.795627
2379,46.796974
2380,46.798319
2381,46.799664
2382,46.801008
2383,46.802350
2384,46.803691
2385,46.805031
2386,46.806370
2387,46.807708
2388,46.809045
2389,46.810381
2390,46.811715
2391,46.813049
2392,46.814381
2393,46.815712
2394,46.817043
2395,46.818372
2396,46.819699
2397,46.821026
2398,46.822352
2399,46.823677
2400,46.825000
2401,46.826322
2402,46.827644
2403,46.828964
2404,46.830283
2405,46.831601
2406,46.832918
2407,46.834233
2408,46.835548
2409,46.836862
2410,46.838174
2411,46.839486
2412,46.840796
2413,46.842105
2414,46.843413
2415,46.844720
2416,46.846026
2417,46.847331
2418,46.848635
2419,46.849938
2420,46.851240
2421,46.852540
2422,46.853840
2423,46.855138
2424,46.856436
2425,46.857732
2426,46.859027
2427,46.860321
2428,46.861614
2429,46.862907
2430,46.864198
2431,46.865487
2432,46.866776
2433,46.868064
2434,46.852917
2435,46.854209
2436,46.855501
2437,46.856791
2438,46.858080
2439,46.859369
2440,46.860656
2441,46.861942
2442,46.863227
2443,46.864511
2444,46.865794
2445,46.867076
2446,46.868357
2447,46.869636
2448,46.870915
2449,46.872193
2450,46.873469
2451,46.874745
2452,46.876020
2453,46.877293
2454,46.878566
2455,46.879837
2456,46.881107
2457,46.882377
2458,46.883645
2459,46.884913
2460,46.886179
2461,46.887444
2462,46.888708
2463,46.889972
2464,46.891234
2465,46.892495
2466,46.877534
2467,46.878800
2468,46.880065
2469,46.881328
2470,46.882591
2471,46.883853
2472,46.885113
2473,46.886373
2474,46.887631
2475,46.888889
2476,46.890145
2477,46.891401
2478,46.892655
2479,46.893909
2480,46.895161
2481,46.896413
2482,46.897663
2483,46.898913
2484,46.900161
2485,46.901408
2486,46.902655
2487,46.903900
2488,46.905145
2489,46.906388
2490,46.907631
2491,46.908872
2492,46.910112
2493,46.911352
2494,46.912590
2495,46.897796
2496,46.899038
2497,46.900280
2498,46.901521
2499,46.902761
2500,46.904000
2501,46.905238
2502,46.906475
2503,46.907711
2504,46.908946
2505,46.910180
2506,46.911413
2507,46.912645
2508,46.913876
2509,46.915106
2510,46.916335
2511,46.917563
2512,46.918790
2513,46.920016
2514,46.921241
2515,46.922465
2516,46.923688
2517,46.924911
2518,46.926132
2519,46.911473
2520,46.912698
2521,46.913923
2522,46.915147
2523,46.916369
2524,46.917591
2525,46.918812
2526,46.920032
2527,46.921250
2528,46.922468
2529,46.923685
2530,46.909091
2531,46.910312
2532,46.911532
2533,46.912752
2534,46.913970
2535,46.915187
2536,46.916404
2537,46.917619
2538,46.903073
2539,46.904293
2540,46.905512
2541,46.906730
2542,46.907946
2543,46.909162
2544,46.902516
2545,46.903733
2546,46.904949
2547,46.906164
2548,46.907378
2549,46.908592
2550,46.909804
2551,46.911015
2552,46.912226
2553,46.897767
2554,46.898982
2555,46.900196
2556,46.901408
2557,46.902620
2558,46.903831
2559,46.905041
2560,46.906250
2561,46.907458
2562,46.893052
2563,46.894265
2564,46.895476
2565,46.896686
2566,46.897896
2567,46.899104
2568,46.900312
2569,46.901518
2570,46.887160
2571,46.888370
2572,46.881804
2573,46.883016
2574,46.884227
2575,46.885437
2576,46.886646
2577,46.887854
2578,46.889061
2579,46.890268
2580,46.883721
2581,46.884928
2582,46.886135
2583,46.887340
2584,46.888545
2585,46.889749
2586,46.890951
2587,46.884422
2588,46.885626
2589,46.886829
2590,46.888031
2591,46.889232
2592,46.890432
2593,46.891631
2594,46.892830
2595,46.894027
2596,46.895223
2597,46.896419
2598,46.897614
2599,46.898807
2600,46.900000
2601,46.901192
2602,46.902383
2603,46.903573
2604,46.897081
2605,46.898273
2606,46.899463
2607,46.900652
2608,46.901840
2609,46.903028
2610,46.904215
2611,46.897740
2612,46.898928
2613,46.900115
2614,46.901301
2615,46.902486
2616,46.903670
2617,46.904853
2618,46.906035
2619,46.899580
2620,46.900763
2621,46.894315
2622,46.895500
2623,46.896683
2624,46.897866
2625,46.899048
2626,46.900228
2627,46.893795
2628,46.894977
2629,46.888551
2630,46.889734
2631,46.890916
2632,46.884498
2633,46.885682
2634,46.879271
2635,46.880455
2636,46.881639
2637,46.882821
2638,46.884003
2639,46.885184
2640,46.886364
2641,46.887543
2642,46.888721
2643,46.882331
2644,46.883510
2645,46.877127
2646,46.878307
2647,46.879486
2648,46.880665
2649,46.874292
2650,46.875472
2651,46.869106
2652,46.870287
2653,46.871466
2654,46.865109
2655,46.866290
2656,46.859940
2657,46.861122
2658,46.862302
2659,46.863483
2660,46.864662
2661,46.865840
2662,46.867017
2663,46.868194
2664,46.869369
2665,46.870544
2666,46.871718
2667,46.872891
2668,46.874063
2669,46.875234
2670,46.876404
2671,46.877574
2672,46.878743
2673,46.879910
2674,46.881077
2675,46.882243
2676,46.883408
2677,46.884572
2678,46.885736
2679,46.886898
2680,46.888060
2681,46.889220
2682,46.890380
2683,46.891539
2684,46.892697
2685,46.893855
2686,46.895011
2687,46.896167
2688,46.897321
2689,46.898475
2690,46.899628
2691,46.900780
2692,46.901932
2693,46.903082
2694,46.904232
2695,46.905380
2696,46.906528
2697,46.907675
2698,46.908821
2699,46.909967
2700,46.911111
2701,46.912255
2702,46.913397
2703,46.914539
2704,46.915680
2705,46.916821
2706,46.917960
2707,46.919099
2708,46.920236
2709,46.921373
2710,46.922509
2711,46.923644
2712,46.924779
2713,46.925912
2714,46.927045
2715,46.928177
2716,46.929308
2717,46.930438
2718,46.931567
2719,46.932696
2720,46.933824
2721,46.934950
2722,46.936076
2723,46.937202
2724,46.938326
2725,46.939450
2726,46.940572
2727,46.941694
2728,46.942815
2729,46.943936
2730,46.945055
2731,46.946174
2732,46.947291
2733,46.948408
2734,46.949525
2735,46.950640
2736,46.951754
